0:[[ 1.          0.39272121  0.48172107  0.0736653   0.43012233  0.05804031
   0.32971782  0.76013184  0.75647831  0.88870991]
 [ 0.39272121  1.          0.47388515  0.69493536  0.41307535  0.75377752
   0.96916387  0.66754218  0.03725517  0.20362497]
 [ 0.48172107  0.47388515  1.          0.55362339  0.84843767  0.48231757
   0.4771813   0.40039261  0.07055414  0.22266705]
 [ 0.0736653   0.69493536  0.55362339  1.          0.47298139  0.94557896
   0.75227088  0.22281351 -0.44464125 -0.2534694 ]
 [ 0.43012233  0.41307535  0.84843767  0.47298139  1.          0.4180284
   0.41483754  0.36893948  0.1004672   0.21401776]
 [ 0.05804031  0.75377752  0.48231757  0.94557896  0.4180284   1.
   0.81350562  0.26569319 -0.42829045 -0.24214679]
 [ 0.32971782  0.96916387  0.4771813   0.75227088  0.41483754  0.81350562
   1.          0.5957626  -0.05288625  0.11858325]
 [ 0.76013184  0.66754218  0.40039261  0.22281351  0.36893948  0.26569319
   0.5957626   1.          0.6392168   0.76303437]
 [ 0.75647831  0.03725517  0.07055414 -0.44464125  0.1004672  -0.42829045
  -0.05288625  0.6392168   1.          0.9230482 ]
 [ 0.88870991  0.20362497  0.22266705 -0.2534694   0.21401776 -0.24214679
   0.11858325  0.76303437  0.9230482   1.        ]]1:[[1.         0.92205335 0.92118282 0.87386022 0.8724209  0.9047479
  0.90529769 0.87331364 0.75271478 0.7239709 ]
 [0.92205335 1.         0.95744345 0.89462708 0.81021756 0.94456381
  0.96244118 0.93838434 0.75151708 0.669678  ]
 [0.92118282 0.95744345 1.         0.87769763 0.86693924 0.93983862
  0.96418879 0.90619029 0.72650948 0.64009038]
 [0.87386022 0.89462708 0.87769763 1.         0.72369951 0.93231364
  0.89257636 0.87148048 0.91827664 0.82004867]
 [0.8724209  0.81021756 0.86693924 0.72369951 1.         0.81322964
  0.82400759 0.74565704 0.59795671 0.58980202]
 [0.9047479  0.94456381 0.93983862 0.93231364 0.81322964 1.
  0.95476256 0.91397932 0.82004625 0.72674803]
 [0.90529769 0.96244118 0.96418879 0.89257636 0.82400759 0.95476256
  1.         0.9296532  0.75280621 0.65242936]
 [0.87331364 0.93838434 0.90619029 0.87148048 0.74565704 0.91397932
  0.9296532  1.         0.74806988 0.65343741]
 [0.75271478 0.75151708 0.72650948 0.91827664 0.59795671 0.82004625
  0.75280621 0.74806988 1.         0.86028543]
 [0.7239709  0.669678   0.64009038 0.82004867 0.58980202 0.72674803
  0.65242936 0.65343741 0.86028543 1.        ]]2:[[ 1.         -0.27571266 -0.43994161 -0.26388874 -0.32619472 -0.43761859
  -0.31246018 -0.39614778 -0.42640665  0.75769406]
 [-0.27571266  1.          0.62027845  0.95125038  0.26497258  0.64480443
   0.96926894  0.88018955  0.6392184  -0.27154167]
 [-0.43994161  0.62027845  1.          0.57968239  0.38909879  0.81389747
   0.63782219  0.74775438  0.94313168 -0.5087344 ]
 [-0.26388874  0.95125038  0.57968239  1.          0.28040057  0.60261992
   0.93804405  0.83972031  0.59427451 -0.25060584]
 [-0.32619472  0.26497258  0.38909879  0.28040057  1.          0.47312593
   0.35229719  0.41209094  0.31711408 -0.22869012]
 [-0.43761859  0.64480443  0.81389747  0.60261992  0.47312593  1.
   0.66870964  0.7811547   0.82275055 -0.45001989]
 [-0.31246018  0.96926894  0.63782219  0.93804405  0.35229719  0.66870964
   1.          0.90839383  0.64896575 -0.29772339]
 [-0.39614778  0.88018955  0.74775438  0.83972031  0.41209094  0.7811547
   0.90839383  1.          0.75714543 -0.41757656]
 [-0.42640665  0.6392184   0.94313168  0.59427451  0.31711408  0.82275055
   0.64896575  0.75714543  1.         -0.50292501]
 [ 0.75769406 -0.27154167 -0.5087344  -0.25060584 -0.22869012 -0.45001989
  -0.29772339 -0.41757656 -0.50292501  1.        ]]3:[[ 1.          0.63169621  0.62330898  0.93170612  0.8918279  -0.50654539
   0.9041408   0.95417099  0.85194631  0.84427187]
 [ 0.63169621  1.          0.43454304  0.67438161  0.68749912 -0.31801106
   0.61158915  0.60204045  0.54859026  0.68057928]
 [ 0.62330898  0.43454304  1.          0.67528928  0.55790622 -0.6964804
   0.64308839  0.57528974  0.4990957   0.52839762]
 [ 0.93170612  0.67438161  0.67528928  1.          0.91064078 -0.50794251
   0.88873055  0.87908477  0.77357019  0.87661095]
 [ 0.8918279   0.68749912  0.55790622  0.91064078  1.         -0.37030424
   0.83462014  0.84811046  0.74811894  0.96142522]
 [-0.50654539 -0.31801106 -0.6964804  -0.50794251 -0.37030424  1.
  -0.52166424 -0.51551269 -0.51971921 -0.30601286]
 [ 0.9041408   0.61158915  0.64308839  0.88873055  0.83462014 -0.52166424
   1.          0.88290174  0.79688939  0.79636005]
 [ 0.95417099  0.60204045  0.57528974  0.87908477  0.84811046 -0.51551269
   0.88290174  1.          0.91768534  0.79228118]
 [ 0.85194631  0.54859026  0.4990957   0.77357019  0.74811894 -0.51971921
   0.79688939  0.91768534  1.          0.67930522]
 [ 0.84427187  0.68057928  0.52839762  0.87661095  0.96142522 -0.30601286
   0.79636005  0.79228118  0.67930522  1.        ]]4:[[ 1.          0.94954862  0.96519664  0.89147611  0.75712023  0.68345143
  -0.06656412 -0.20395671 -0.20919658  0.82442875]
 [ 0.94954862  1.          0.96954549  0.91817534  0.76165972  0.70331093
  -0.04634399 -0.21091228 -0.2096255   0.81704776]
 [ 0.96519664  0.96954549  1.          0.92395462  0.78301883  0.69754985
  -0.0660846  -0.21899661 -0.22530925  0.84434924]
 [ 0.89147611  0.91817534  0.92395462  1.          0.84370946  0.78728108
  -0.07993196 -0.2559045  -0.2619984   0.8667913 ]
 [ 0.75712023  0.76165972  0.78301883  0.84370946  1.          0.84282323
  -0.14795009 -0.25079506 -0.28492254  0.90454509]
 [ 0.68345143  0.70331093  0.69754985  0.78728108  0.84282323  1.
  -0.16414467 -0.26054404 -0.27125851  0.81056995]
 [-0.06656412 -0.04634399 -0.0660846  -0.07993196 -0.14795009 -0.16414467
   1.          0.12967111  0.13018047 -0.16430175]
 [-0.20395671 -0.21091228 -0.21899661 -0.2559045  -0.25079506 -0.26054404
   0.12967111  1.          0.88130262 -0.24197498]
 [-0.20919658 -0.2096255  -0.22530925 -0.2619984  -0.28492254 -0.27125851
   0.13018047  0.88130262  1.         -0.27547339]
 [ 0.82442875  0.81704776  0.84434924  0.8667913   0.90454509  0.81056995
  -0.16430175 -0.24197498 -0.27547339  1.        ]]5:[[ 1.         -0.5067437   0.83913412 -0.3529746  -0.49793181  0.83364499
  -0.12585823  0.60201554  0.86932226  0.87275249]
 [-0.5067437   1.         -0.43825707  0.57002816  0.72895827 -0.39212864
   0.57438307 -0.45564256 -0.43699704 -0.5146395 ]
 [ 0.83913412 -0.43825707  1.         -0.32858028 -0.49174202  0.94991582
  -0.08417343  0.60664098  0.86035781  0.84228099]
 [-0.3529746   0.57002816 -0.32858028  1.          0.47390613 -0.33039518
   0.62273325 -0.27933782 -0.36740372 -0.34042242]
 [-0.49793181  0.72895827 -0.49174202  0.47390613  1.         -0.4368594
   0.37813174 -0.64496165 -0.46140821 -0.53398099]
 [ 0.83364499 -0.39212864  0.94991582 -0.33039518 -0.4368594   1.
  -0.0446113   0.55207703  0.86707612  0.81593313]
 [-0.12585823  0.57438307 -0.08417343  0.62273325  0.37813174 -0.0446113
   1.         -0.12515432 -0.09902994 -0.14300898]
 [ 0.60201554 -0.45564256  0.60664098 -0.27933782 -0.64496165  0.55207703
  -0.12515432  1.          0.60462583  0.60939013]
 [ 0.86932226 -0.43699704  0.86035781 -0.36740372 -0.46140821  0.86707612
  -0.09902994  0.60462583  1.          0.76791982]
 [ 0.87275249 -0.5146395   0.84228099 -0.34042242 -0.53398099  0.81593313
  -0.14300898  0.60939013  0.76791982  1.        ]]6:[[ 1.         -0.16200887 -0.11730656  0.16940006 -0.1262     -0.09302939
   0.07426388 -0.16690254 -0.12039461 -0.1090359 ]
 [-0.16200887  1.          0.6786349  -0.22637616  0.75654714  0.70727581
   0.00389387  0.74484411  0.72656409  0.71359689]
 [-0.11730656  0.6786349   1.         -0.08684556  0.84728673  0.78653507
   0.01907539  0.86399615  0.84361272  0.82254756]
 [ 0.16940006 -0.22637616 -0.08684556  1.         -0.11021932 -0.09612277
   0.07053479 -0.12064528 -0.12737506 -0.10811535]
 [-0.1262      0.75654714  0.84728673 -0.11021932  1.          0.87298755
   0.01089026  0.85917509  0.94533162  0.92579674]
 [-0.09302939  0.70727581  0.78653507 -0.09612277  0.87298755  1.
   0.02145039  0.85415968  0.88130315  0.92389961]
 [ 0.07426388  0.00389387  0.01907539  0.07053479  0.01089026  0.02145039
   1.          0.00926889  0.00988804  0.01922872]
 [-0.16690254  0.74484411  0.86399615 -0.12064528  0.85917509  0.85415968
   0.00926889  1.          0.85166928  0.8570429 ]
 [-0.12039461  0.72656409  0.84361272 -0.12737506  0.94533162  0.88130315
   0.00988804  0.85166928  1.          0.94177047]
 [-0.1090359   0.71359689  0.82254756 -0.10811535  0.92579674  0.92389961
   0.01922872  0.8570429   0.94177047  1.        ]]7:[[ 1.         -0.01870377 -0.01168708 -0.01485169 -0.01268647 -0.01792042
  -0.01303019 -0.01054072  0.052059   -0.01501668]
 [-0.01870377  1.          0.94027143  0.87479799  0.96294229  0.96040636
   0.95882834  0.92809284  0.19042501  0.97199864]
 [-0.01168708  0.94027143  1.          0.86449426  0.93596451  0.93411787
   0.91819709  0.89643581  0.18657379  0.92453519]
 [-0.01485169  0.87479799  0.86449426  1.          0.89832721  0.87379517
   0.8627524   0.87791358  0.0873575   0.85625263]
 [-0.01268647  0.96294229  0.93596451  0.89832721  1.          0.95285842
   0.94354032  0.92859916  0.17446353  0.94846553]
 [-0.01792042  0.96040636  0.93411787  0.87379517  0.95285842  1.
   0.94487668  0.89351273  0.15992387  0.9492772 ]
 [-0.01303019  0.95882834  0.91819709  0.8627524   0.94354032  0.94487668
   1.          0.93255587  0.19937259  0.95248698]
 [-0.01054072  0.92809284  0.89643581  0.87791358  0.92859916  0.89351273
   0.93255587  1.          0.20403261  0.93627461]
 [ 0.052059    0.19042501  0.18657379  0.0873575   0.17446353  0.15992387
   0.19937259  0.20403261  1.          0.20864032]
 [-0.01501668  0.97199864  0.92453519  0.85625263  0.94846553  0.9492772
   0.95248698  0.93627461  0.20864032  1.        ]]8:[[ 1.         -0.23955795 -0.24384598  0.51302843 -0.25027893  0.43131923
   0.76673     0.24381736 -0.22092772 -0.2467313 ]
 [-0.23955795  1.          0.92321717  0.03728616  0.95567352 -0.37518974
  -0.34542056 -0.04188097  0.94274247  0.93007002]
 [-0.24384598  0.92321717  1.          0.03635029  0.89939672 -0.37600483
  -0.29538634 -0.02787082  0.90786312  0.9613816 ]
 [ 0.51302843  0.03728616  0.03635029  1.          0.00489923  0.30758902
   0.49261907  0.4181636   0.08908725  0.04969829]
 [-0.25027893  0.95567352  0.89939672  0.00489923  1.         -0.39582327
  -0.35465994 -0.07261694  0.91467526  0.91300686]
 [ 0.43131923 -0.37518974 -0.37600483  0.30758902 -0.39582327  1.
   0.33027633  0.20438999 -0.354597   -0.38402803]
 [ 0.76673    -0.34542056 -0.29538634  0.49261907 -0.35465994  0.33027633
   1.          0.22123034 -0.31242346 -0.29277636]
 [ 0.24381736 -0.04188097 -0.02787082  0.4181636  -0.07261694  0.20438999
   0.22123034  1.         -0.00643966 -0.02189119]
 [-0.22092772  0.94274247  0.90786312  0.08908725  0.91467526 -0.354597
  -0.31242346 -0.00643966  1.          0.90490678]
 [-0.2467313   0.93007002  0.9613816   0.04969829  0.91300686 -0.38402803
  -0.29277636 -0.02189119  0.90490678  1.        ]]9:[[ 1.          0.17167562  0.34978522  0.18394861  0.77618598  0.13083168
   0.95029432  0.1515607   0.28692382  0.24356046]
 [ 0.17167562  1.         -0.15141148  0.91102486 -0.10236848 -0.06457248
   0.14944324  0.91474106  0.04657065 -0.07157324]
 [ 0.34978522 -0.15141148  1.         -0.1521177   0.50222555  0.25588666
   0.34116072 -0.16027195  0.72213354  0.34093609]
 [ 0.18394861  0.91102486 -0.1521177   1.         -0.10201167 -0.06041325
   0.17345574  0.89603212  0.08492024 -0.05902   ]
 [ 0.77618598 -0.10236848  0.50222555 -0.10201167  1.          0.10070487
   0.73348897 -0.11262511  0.30242395  0.27578535]
 [ 0.13083168 -0.06457248  0.25588666 -0.06041325  0.10070487  1.
   0.1314334  -0.06649036  0.21065333  0.68172786]
 [ 0.95029432  0.14944324  0.34116072  0.17345574  0.73348897  0.1314334
   1.          0.12580007  0.26259008  0.22734863]
 [ 0.1515607   0.91474106 -0.16027195  0.89603212 -0.11262511 -0.06649036
   0.12580007  1.          0.053575   -0.0767804 ]
 [ 0.28692382  0.04657065  0.72213354  0.08492024  0.30242395  0.21065333
   0.26259008  0.053575    1.          0.28979983]
 [ 0.24356046 -0.07157324  0.34093609 -0.05902     0.27578535  0.68172786
   0.22734863 -0.0767804   0.28979983  1.        ]]10:[[ 1.          0.89096265  0.88353286  0.83578852  0.03668383 -0.06328744
   0.82917955  0.00807092  0.95256299 -0.04728723]
 [ 0.89096265  1.          0.92851569  0.82061877  0.05323258 -0.04979127
   0.80504781  0.03621741  0.88247491 -0.00849301]
 [ 0.88353286  0.92851569  1.          0.81157311  0.04257177 -0.02886122
   0.78408971  0.03392725  0.89944309 -0.02265057]
 [ 0.83578852  0.82061877  0.81157311  1.          0.13109593 -0.03934886
   0.87433363  0.0070504   0.84236778 -0.02276656]
 [ 0.03668383  0.05323258  0.04257177  0.13109593  1.          0.54953572
   0.14117788  0.2688284   0.03120987  0.41147685]
 [-0.06328744 -0.04979127 -0.02886122 -0.03934886  0.54953572  1.
  -0.03969107  0.482007   -0.02665413  0.51726011]
 [ 0.82917955  0.80504781  0.78408971  0.87433363  0.14117788 -0.03969107
   1.         -0.00499087  0.81614778 -0.02419265]
 [ 0.00807092  0.03621741  0.03392725  0.0070504   0.2688284   0.482007
  -0.00499087  1.          0.04098638  0.81773453]
 [ 0.95256299  0.88247491  0.89944309  0.84236778  0.03120987 -0.02665413
   0.81614778  0.04098638  1.         -0.02981702]
 [-0.04728723 -0.00849301 -0.02265057 -0.02276656  0.41147685  0.51726011
  -0.02419265  0.81773453 -0.02981702  1.        ]]11:[[ 1.          0.9569158   0.9628103  -0.09398555  0.16803222 -0.08292874
   0.05247626  0.05986514  0.89683825  0.07722058]
 [ 0.9569158   1.          0.95236517 -0.10262593  0.15454504 -0.08783914
   0.04547925  0.04377717  0.87311541  0.06807231]
 [ 0.9628103   0.95236517  1.         -0.10221129  0.16832289 -0.08324724
   0.04707159  0.04252577  0.90484589  0.06782386]
 [-0.09398555 -0.10262593 -0.10221129  1.          0.57718504  0.18875459
   0.4809978   0.53002975 -0.10988514  0.09203232]
 [ 0.16803222  0.15454504  0.16832289  0.57718504  1.          0.25001961
   0.79884303  0.81259523  0.16471688  0.32267031]
 [-0.08292874 -0.08783914 -0.08324724  0.18875459  0.25001961  1.
   0.24991311  0.26301442 -0.07919116  0.05499446]
 [ 0.05247626  0.04547925  0.04707159  0.4809978   0.79884303  0.24991311
   1.          0.87534148  0.04806659  0.46485038]
 [ 0.05986514  0.04377717  0.04252577  0.53002975  0.81259523  0.26301442
   0.87534148  1.          0.04398321  0.44117941]
 [ 0.89683825  0.87311541  0.90484589 -0.10988514  0.16471688 -0.07919116
   0.04806659  0.04398321  1.          0.09086902]
 [ 0.07722058  0.06807231  0.06782386  0.09203232  0.32267031  0.05499446
   0.46485038  0.44117941  0.09086902  1.        ]]12:[[ 1.         -0.11143854  0.10547403  0.81944048  0.12442641  0.91171829
   0.05942614  0.12190815  0.77645935 -0.22288171]
 [-0.11143854  1.          0.5048972  -0.04319032  0.10866921 -0.11930585
   0.04327743  0.06690556 -0.10722133  0.42880002]
 [ 0.10547403  0.5048972   1.          0.15028084  0.2837144   0.09625235
   0.20056145  0.3507749   0.12516519  0.45132274]
 [ 0.81944048 -0.04319032  0.15028084  1.          0.16306319  0.85465183
   0.0698713   0.11879434  0.781526   -0.11538633]
 [ 0.12442641  0.10866921  0.2837144   0.16306319  1.          0.11960368
   0.65694908  0.76673763  0.19692418  0.07715108]
 [ 0.91171829 -0.11930585  0.09625235  0.85465183  0.11960368  1.
   0.05215325  0.11596261  0.78348716 -0.21579898]
 [ 0.05942614  0.04327743  0.20056145  0.0698713   0.65694908  0.05215325
   1.          0.69617437  0.16488694  0.05257153]
 [ 0.12190815  0.06690556  0.3507749   0.11879434  0.76673763  0.11596261
   0.69617437  1.          0.17780227  0.09479701]
 [ 0.77645935 -0.10722133  0.12516519  0.781526    0.19692418  0.78348716
   0.16488694  0.17780227  1.         -0.10440036]
 [-0.22288171  0.42880002  0.45132274 -0.11538633  0.07715108 -0.21579898
   0.05257153  0.09479701 -0.10440036  1.        ]]13:[[ 1.          0.47252117  0.05682123  0.55889634  0.1132202   0.11421329
   0.30741908  0.07650326  0.79942563  0.11033233]
 [ 0.47252117  1.          0.18053438  0.31028686  0.16217546  0.15397326
   0.59201     0.17509382  0.49349911  0.17345201]
 [ 0.05682123  0.18053438  1.          0.02966483 -0.15672566 -0.18999674
   0.42496673  0.35000071  0.08939501 -0.14455235]
 [ 0.55889634  0.31028686  0.02966483  1.          0.08174312  0.04315899
   0.15559265  0.0487964   0.62927388  0.07886453]
 [ 0.1132202   0.16217546 -0.15672566  0.08174312  1.          0.90415396
   0.17647905 -0.02908339  0.08012796  0.95314227]
 [ 0.11421329  0.15397326 -0.18999674  0.04315899  0.90415396  1.
   0.15301733 -0.03697737  0.08860548  0.87994909]
 [ 0.30741908  0.59201     0.42496673  0.15559265  0.17647905  0.15301733
   1.          0.52352737  0.3204628   0.19877043]
 [ 0.07650326  0.17509382  0.35000071  0.0487964  -0.02908339 -0.03697737
   0.52352737  1.          0.06361158 -0.01205955]
 [ 0.79942563  0.49349911  0.08939501  0.62927388  0.08012796  0.08860548
   0.3204628   0.06361158  1.          0.08493662]
 [ 0.11033233  0.17345201 -0.14455235  0.07886453  0.95314227  0.87994909
   0.19877043 -0.01205955  0.08493662  1.        ]]14:[[ 1.          0.08476081  0.32986221  0.46669286  0.05735859  0.181263
   0.02013938  0.52123339  0.0894564   0.30687722]
 [ 0.08476081  1.          0.18460571  0.12969943  0.24965424  0.68438429
   0.13350798  0.17912002  0.37822476  0.18721659]
 [ 0.32986221  0.18460571  1.          0.45342149  0.10815448  0.16424921
   0.11069542  0.46919803  0.27566224  0.38247005]
 [ 0.46669286  0.12969943  0.45342149  1.          0.26428246  0.16086425
   0.16043959  0.43739943  0.35357145  0.57041083]
 [ 0.05735859  0.24965424  0.10815448  0.26428246  1.          0.23818461
   0.59465752  0.02074374  0.44477568  0.23492058]
 [ 0.181263    0.68438429  0.16424921  0.16086425  0.23818461  1.
   0.15487721  0.21489899  0.260736    0.1317408 ]
 [ 0.02013938  0.13350798  0.11069542  0.16043959  0.59465752  0.15487721
   1.         -0.03109608  0.3369352   0.16870039]
 [ 0.52123339  0.17912002  0.46919803  0.43739943  0.02074374  0.21489899
  -0.03109608  1.          0.06139435  0.3736491 ]
 [ 0.0894564   0.37822476  0.27566224  0.35357145  0.44477568  0.260736
   0.3369352   0.06139435  1.          0.53722178]
 [ 0.30687722  0.18721659  0.38247005  0.57041083  0.23492058  0.1317408
   0.16870039  0.3736491   0.53722178  1.        ]]15:[[ 1.          0.0816489   0.86257749  0.89034562  0.12432149  0.16368423
   0.85695927  0.10575823 -0.02884057  0.20034261]
 [ 0.0816489   1.          0.08418525  0.09813378  0.28138164  0.44868519
   0.09378658  0.23414381  0.37964839  0.41273043]
 [ 0.86257749  0.08418525  1.          0.94583427  0.12429136  0.1703227
   0.96432369  0.08799372 -0.00522487  0.1500795 ]
 [ 0.89034562  0.09813378  0.94583427  1.          0.1205556   0.1760459
   0.9539214   0.09110438 -0.0042943   0.14902957]
 [ 0.12432149  0.28138164  0.12429136  0.1205556   1.          0.57884356
   0.13253682  0.1806935   0.21370983  0.26867432]
 [ 0.16368423  0.44868519  0.1703227   0.1760459   0.57884356  1.
   0.1650073   0.12401943  0.22106399  0.40809398]
 [ 0.85695927  0.09378658  0.96432369  0.9539214   0.13253682  0.1650073
   1.          0.08659285 -0.00814401  0.13923642]
 [ 0.10575823  0.23414381  0.08799372  0.09110438  0.1806935   0.12401943
   0.08659285  1.          0.19994031  0.43162624]
 [-0.02884057  0.37964839 -0.00522487 -0.0042943   0.21370983  0.22106399
  -0.00814401  0.19994031  1.          0.14029728]
 [ 0.20034261  0.41273043  0.1500795   0.14902957  0.26867432  0.40809398
   0.13923642  0.43162624  0.14029728  1.        ]]16:[[ 1.          0.30298154  0.11299504  0.15173004  0.11875278 -0.01654102
   0.01641535  0.14465634  0.07930075  0.13024498]
 [ 0.30298154  1.          0.12846436  0.19255873  0.42203452  0.01943877
   0.02454987  0.24236168  0.24087975  0.1337448 ]
 [ 0.11299504  0.12846436  1.          0.24753441  0.08124862 -0.10588154
   0.04983812  0.37756155  0.12863695  0.69831168]
 [ 0.15173004  0.19255873  0.24753441  1.          0.19596356  0.23481461
   0.18233545  0.42346713  0.02797837  0.29010965]
 [ 0.11875278  0.42203452  0.08124862  0.19596356  1.          0.15157483
   0.12578295  0.26369813  0.15613306  0.10808667]
 [-0.01654102  0.01943877 -0.10588154  0.23481461  0.15157483  1.
   0.16318669  0.04409447 -0.06354009 -0.0289965 ]
 [ 0.01641535  0.02454987  0.04983812  0.18233545  0.12578295  0.16318669
   1.          0.14706074 -0.22773613  0.07237544]
 [ 0.14465634  0.24236168  0.37756155  0.42346713  0.26369813  0.04409447
   0.14706074  1.          0.00737347  0.36319218]
 [ 0.07930075  0.24087975  0.12863695  0.02797837  0.15613306 -0.06354009
  -0.22773613  0.00737347  1.          0.09703394]
 [ 0.13024498  0.1337448   0.69831168  0.29010965  0.10808667 -0.0289965
   0.07237544  0.36319218  0.09703394  1.        ]]17:[[ 1.          0.22220763  0.52890751  0.03057955  0.12203234  0.19737809
   0.24885178 -0.00174814  0.16095674  0.06370064]
 [ 0.22220763  1.          0.03404174 -0.1030183   0.06483078  0.1316667
  -0.09657967 -0.26944037  0.14323944  0.22634395]
 [ 0.52890751  0.03404174  1.          0.07735372  0.13340269  0.11797216
   0.28864548  0.05875298  0.0738722   0.03846477]
 [ 0.03057955 -0.1030183   0.07735372  1.          0.01701257 -0.08934855
   0.13791188  0.37120299 -0.09065392  0.13404024]
 [ 0.12203234  0.06483078  0.13340269  0.01701257  1.          0.06175748
   0.06705838  0.01573695  0.04039164  0.19511704]
 [ 0.19737809  0.1316667   0.11797216 -0.08934855  0.06175748  1.
  -0.30282887 -0.20416955  0.94222049 -0.03829626]
 [ 0.24885178 -0.09657967  0.28864548  0.13791188  0.06705838 -0.30282887
   1.          0.30783468 -0.34158153  0.06816672]
 [-0.00174814 -0.26944037  0.05875298  0.37120299  0.01573695 -0.20416955
   0.30783468  1.         -0.21701885  0.03287295]
 [ 0.16095674  0.14323944  0.0738722  -0.09065392  0.04039164  0.94222049
  -0.34158153 -0.21701885  1.         -0.03631798]
 [ 0.06370064  0.22634395  0.03846477  0.13404024  0.19511704 -0.03829626
   0.06816672  0.03287295 -0.03631798  1.        ]]18:[[ 1.          0.13142076  0.12005701  0.09392792  0.17298638  0.19239717
   0.1702293  -0.03955061  0.48680044  0.26669259]
 [ 0.13142076  1.          0.06544061  0.07061932  0.0365959   0.07642576
   0.03908589  0.04851177  0.06952404  0.12374063]
 [ 0.12005701  0.06544061  1.          0.59040213  0.74747864  0.60263517
   0.76562948  0.14092109  0.09830552  0.0502376 ]
 [ 0.09392792  0.07061932  0.59040213  1.          0.67185716  0.65732793
   0.6519702   0.16266171  0.04300523  0.18057921]
 [ 0.17298638  0.0365959   0.74747864  0.67185716  1.          0.66352476
   0.90928158  0.10649097  0.12844135  0.06618319]
 [ 0.19239717  0.07642576  0.60263517  0.65732793  0.66352476  1.
   0.64773133  0.16238191  0.17909285  0.08170378]
 [ 0.1702293   0.03908589  0.76562948  0.6519702   0.90928158  0.64773133
   1.          0.12704368  0.12624929  0.05607952]
 [-0.03955061  0.04851177  0.14092109  0.16266171  0.10649097  0.16238191
   0.12704368  1.          0.01272129 -0.09856117]
 [ 0.48680044  0.06952404  0.09830552  0.04300523  0.12844135  0.17909285
   0.12624929  0.01272129  1.          0.25828192]
 [ 0.26669259  0.12374063  0.0502376   0.18057921  0.06618319  0.08170378
   0.05607952 -0.09856117  0.25828192  1.        ]]19:[[ 1.         -0.13695955  0.05334252 -0.12254413 -0.08405894  0.00133129
  -0.10215035 -0.01460706  0.78962507  0.04369734]
 [-0.13695955  1.          0.02657386  0.64724594  0.15019732  0.1434195
   0.08231474  0.14643135 -0.09112195  0.28849516]
 [ 0.05334252  0.02657386  1.          0.06971035  0.04627982  0.12733533
   0.0022064   0.46649263  0.06065077  0.16339973]
 [-0.12254413  0.64724594  0.06971035  1.          0.1776688   0.15890393
   0.10117685  0.15127471 -0.10899058  0.42051372]
 [-0.08405894  0.15019732  0.04627982  0.1776688   1.          0.54222227
   0.2607875   0.06117795 -0.09090856  0.18832281]
 [ 0.00133129  0.1434195   0.12733533  0.15890393  0.54222227  1.
   0.22880428  0.09344029  0.03454302  0.21944981]
 [-0.10215035  0.08231474  0.0022064   0.10117685  0.2607875   0.22880428
   1.          0.04840206 -0.09035934  0.12779226]
 [-0.01460706  0.14643135  0.46649263  0.15127471  0.06117795  0.09344029
   0.04840206  1.         -0.02366031  0.0826421 ]
 [ 0.78962507 -0.09112195  0.06065077 -0.10899058 -0.09090856  0.03454302
  -0.09035934 -0.02366031  1.          0.0499158 ]
 [ 0.04369734  0.28849516  0.16339973  0.42051372  0.18832281  0.21944981
   0.12779226  0.0826421   0.0499158   1.        ]]20:[[ 1.00000000e+00  1.68026906e-01  8.86410948e-03  3.71774581e-02
  -1.36992485e-01  3.04344576e-02  8.08295468e-02  9.22294275e-02
  -1.09459041e-02 -4.93461653e-02]
 [ 1.68026906e-01  1.00000000e+00  8.09936952e-03  1.67517456e-01
  -1.68788842e-01  1.73287720e-02  5.67449488e-01  5.90756863e-01
  -9.76951860e-04 -1.15791890e-01]
 [ 8.86410948e-03  8.09936952e-03  1.00000000e+00  3.49540634e-02
   4.90692394e-02  1.42998199e-01  1.76968572e-02  1.51357099e-02
   7.00337126e-03  2.12532950e-01]
 [ 3.71774581e-02  1.67517456e-01  3.49540634e-02  1.00000000e+00
  -3.35221141e-02  8.40437018e-02  1.07445239e-01  1.17929886e-01
  -1.06755785e-02 -3.00313266e-01]
 [-1.36992485e-01 -1.68788842e-01  4.90692394e-02 -3.35221141e-02
   1.00000000e+00  2.37814738e-01 -1.68312291e-01 -1.53205679e-01
   3.41495933e-02  1.25903796e-01]
 [ 3.04344576e-02  1.73287720e-02  1.42998199e-01  8.40437018e-02
   2.37814738e-01  1.00000000e+00  2.03232185e-02  5.82013588e-02
  -6.13901584e-02 -2.54277024e-02]
 [ 8.08295468e-02  5.67449488e-01  1.76968572e-02  1.07445239e-01
  -1.68312291e-01  2.03232185e-02  1.00000000e+00  8.66041949e-01
  -1.18294397e-02 -1.81655417e-01]
 [ 9.22294275e-02  5.90756863e-01  1.51357099e-02  1.17929886e-01
  -1.53205679e-01  5.82013588e-02  8.66041949e-01  1.00000000e+00
  -4.70493371e-03 -1.69242496e-01]
 [-1.09459041e-02 -9.76951860e-04  7.00337126e-03 -1.06755785e-02
   3.41495933e-02 -6.13901584e-02 -1.18294397e-02 -4.70493371e-03
   1.00000000e+00  3.92085081e-02]
 [-4.93461653e-02 -1.15791890e-01  2.12532950e-01 -3.00313266e-01
   1.25903796e-01 -2.54277024e-02 -1.81655417e-01 -1.69242496e-01
   3.92085081e-02  1.00000000e+00]]21:[[1.         0.27378119 0.24565875 0.12947154 0.89893022 0.21567366
  0.11022281 0.73959806 0.28172906 0.08333837]
 [0.27378119 1.         0.59565353 0.28281641 0.29278792 0.57989176
  0.38615139 0.25844128 0.72243678 0.31038337]
 [0.24565875 0.59565353 1.         0.33012893 0.25414626 0.41409873
  0.27620091 0.30589156 0.53716888 0.27430501]
 [0.12947154 0.28281641 0.33012893 1.         0.16873533 0.13696361
  0.0772225  0.31323591 0.16644378 0.09018811]
 [0.89893022 0.29278792 0.25414626 0.16873533 1.         0.23867211
  0.1266462  0.7446697  0.28703391 0.03708029]
 [0.21567366 0.57989176 0.41409873 0.13696361 0.23867211 1.
  0.61140063 0.18496036 0.72029141 0.45679422]
 [0.11022281 0.38615139 0.27620091 0.0772225  0.1266462  0.61140063
  1.         0.12150879 0.50885423 0.67422481]
 [0.73959806 0.25844128 0.30589156 0.31323591 0.7446697  0.18496036
  0.12150879 1.         0.24390239 0.15899863]
 [0.28172906 0.72243678 0.53716888 0.16644378 0.28703391 0.72029141
  0.50885423 0.24390239 1.         0.40404075]
 [0.08333837 0.31038337 0.27430501 0.09018811 0.03708029 0.45679422
  0.67422481 0.15899863 0.40404075 1.        ]]22:[[ 1.          0.00365096  0.00957957  0.41892206 -0.06698807  0.04683092
  -0.01341044  0.06055509  0.16109251 -0.07628944]
 [ 0.00365096  1.          0.14579843 -0.10390302  0.13625589  0.20015302
   0.22557298 -0.14024721  0.03775278  0.13533619]
 [ 0.00957957  0.14579843  1.         -0.00529679  0.02576414  0.11352766
   0.06186417 -0.08370674  0.00774915  0.02730389]
 [ 0.41892206 -0.10390302 -0.00529679  1.         -0.03174871 -0.00339382
  -0.07050852  0.26279203  0.12065487 -0.02662484]
 [-0.06698807  0.13625589  0.02576414 -0.03174871  1.          0.35389835
   0.2734452   0.00283456  0.01539093  0.90251172]
 [ 0.04683092  0.20015302  0.11352766 -0.00339382  0.35389835  1.
   0.6166118   0.05449595  0.02800786  0.32018705]
 [-0.01341044  0.22557298  0.06186417 -0.07050852  0.2734452   0.6166118
   1.         -0.00968058  0.00994478  0.25767147]
 [ 0.06055509 -0.14024721 -0.08370674  0.26279203  0.00283456  0.05449595
  -0.00968058  1.          0.22545363  0.00656031]
 [ 0.16109251  0.03775278  0.00774915  0.12065487  0.01539093  0.02800786
   0.00994478  0.22545363  1.          0.02342495]
 [-0.07628944  0.13533619  0.02730389 -0.02662484  0.90251172  0.32018705
   0.25767147  0.00656031  0.02342495  1.        ]]23:[[1.         0.26868187 0.26572661 0.22168551 0.05929681 0.16391738
  0.08062137 0.29208818 0.50145471 0.13556496]
 [0.26868187 1.         0.41472479 0.28283715 0.15388171 0.39104211
  0.35798876 0.61033872 0.27579128 0.26683805]
 [0.26572661 0.41472479 1.         0.26882871 0.03593437 0.33935295
  0.27160921 0.31939626 0.15316085 0.23005621]
 [0.22168551 0.28283715 0.26882871 1.         0.01519192 0.22612988
  0.49454869 0.22451109 0.06580404 0.31133116]
 [0.05929681 0.15388171 0.03593437 0.01519192 1.         0.50096041
  0.19581849 0.16844779 0.04417652 0.1428498 ]
 [0.16391738 0.39104211 0.33935295 0.22612988 0.50096041 1.
  0.36580046 0.33286753 0.13406413 0.32975209]
 [0.08062137 0.35798876 0.27160921 0.49454869 0.19581849 0.36580046
  1.         0.28244176 0.12066475 0.53637352]
 [0.29208818 0.61033872 0.31939626 0.22451109 0.16844779 0.33286753
  0.28244176 1.         0.26631504 0.17131455]
 [0.50145471 0.27579128 0.15316085 0.06580404 0.04417652 0.13406413
  0.12066475 0.26631504 1.         0.09159895]
 [0.13556496 0.26683805 0.23005621 0.31133116 0.1428498  0.32975209
  0.53637352 0.17131455 0.09159895 1.        ]]24:[[ 1.         -0.00203428 -0.00725226 -0.01361571  0.00977374 -0.00645402
  -0.02079111 -0.00932997 -0.00604098  0.00819877]
 [-0.00203428  1.          0.10237869  0.09353374  0.22256064  0.31306963
   0.0657235   0.10786047  0.28818225  0.13795734]
 [-0.00725226  0.10237869  1.          0.26218701  0.19213342  0.08844198
   0.40582841  0.66372642  0.14077057  0.09129667]
 [-0.01361571  0.09353374  0.26218701  1.          0.0924947   0.08822151
   0.24737016  0.2338005   0.11131934  0.11205301]
 [ 0.00977374  0.22256064  0.19213342  0.0924947   1.          0.50531214
   0.27522587  0.12972606  0.73260273  0.09381618]
 [-0.00645402  0.31306963  0.08844198  0.08822151  0.50531214  1.
   0.19247596  0.11411398  0.55261315  0.10622884]
 [-0.02079111  0.0657235   0.40582841  0.24737016  0.27522587  0.19247596
   1.          0.3243952   0.29137544  0.19246267]
 [-0.00932997  0.10786047  0.66372642  0.2338005   0.12972606  0.11411398
   0.3243952   1.          0.12267713  0.06713189]
 [-0.00604098  0.28818225  0.14077057  0.11131934  0.73260273  0.55261315
   0.29137544  0.12267713  1.          0.11402683]
 [ 0.00819877  0.13795734  0.09129667  0.11205301  0.09381618  0.10622884
   0.19246267  0.06713189  0.11402683  1.        ]]25:[[ 1.          0.32077502  0.18040595  0.1060651   0.56238455  0.51003099
   0.19183489  0.02321768  0.15972452  0.10678612]
 [ 0.32077502  1.          0.12248339  0.28776678  0.24471172  0.46183492
   0.10588409 -0.00360154  0.27544716  0.36125449]
 [ 0.18040595  0.12248339  1.          0.26466662  0.08708395  0.25541309
   0.32746309  0.04320321  0.33705034  0.13215359]
 [ 0.1060651   0.28776678  0.26466662  1.          0.1172151   0.26870062
   0.13441702 -0.00564204  0.60202138  0.11001958]
 [ 0.56238455  0.24471172  0.08708395  0.1172151   1.          0.34019796
   0.06545468 -0.00836363  0.11002652  0.09543033]
 [ 0.51003099  0.46183492  0.25541309  0.26870062  0.34019796  1.
   0.32270343  0.04617002  0.28477486  0.16705043]
 [ 0.19183489  0.10588409  0.32746309  0.13441702  0.06545468  0.32270343
   1.          0.09408218  0.24582473  0.1484449 ]
 [ 0.02321768 -0.00360154  0.04320321 -0.00564204 -0.00836363  0.04617002
   0.09408218  1.          0.03073638 -0.00491498]
 [ 0.15972452  0.27544716  0.33705034  0.60202138  0.11002652  0.28477486
   0.24582473  0.03073638  1.          0.11849611]
 [ 0.10678612  0.36125449  0.13215359  0.11001958  0.09543033  0.16705043
   0.1484449  -0.00491498  0.11849611  1.        ]]26:[[ 1.          0.03272014  0.0681723   0.24333656  0.19293339  0.23936917
   0.1621238  -0.28205825  0.19914934  0.10415505]
 [ 0.03272014  1.          0.030859   -0.02767648  0.22313105 -0.01766965
   0.16136749  0.20912427 -0.01668148  0.01656404]
 [ 0.0681723   0.030859    1.          0.08522373  0.12625711  0.10632257
   0.04230022 -0.07028095  0.53369651  0.05117996]
 [ 0.24333656 -0.02767648  0.08522373  1.          0.14632211  0.35856114
   0.15991009 -0.15206858  0.13077401  0.21964025]
 [ 0.19293339  0.22313105  0.12625711  0.14632211  1.          0.09242311
   0.30919941 -0.03999552  0.07307259  0.18412895]
 [ 0.23936917 -0.01766965  0.10632257  0.35856114  0.09242311  1.
   0.23285221 -0.0747052   0.0693363   0.400174  ]
 [ 0.1621238   0.16136749  0.04230022  0.15991009  0.30919941  0.23285221
   1.         -0.03565894  0.0590889   0.3717457 ]
 [-0.28205825  0.20912427 -0.07028095 -0.15206858 -0.03999552 -0.0747052
  -0.03565894  1.         -0.16122453 -0.03735042]
 [ 0.19914934 -0.01668148  0.53369651  0.13077401  0.07307259  0.0693363
   0.0590889  -0.16122453  1.          0.00840438]
 [ 0.10415505  0.01656404  0.05117996  0.21964025  0.18412895  0.400174
   0.3717457  -0.03735042  0.00840438  1.        ]]27:[[ 1.          0.14578368 -0.04000046  0.21153093  0.13528889  0.1396983
   0.51872666  0.04746329  0.52676368  0.54497172]
 [ 0.14578368  1.          0.15861294  0.09603621  0.05883053  0.01966306
   0.10711546  0.33003401  0.09842147  0.1289666 ]
 [-0.04000046  0.15861294  1.          0.01781888 -0.10037677 -0.12325696
  -0.03830374  0.12806454 -0.02701014 -0.01582269]
 [ 0.21153093  0.09603621  0.01781888  1.          0.11585444  0.11170929
   0.218105    0.04540177  0.23437653  0.2447109 ]
 [ 0.13528889  0.05883053 -0.10037677  0.11585444  1.          0.40066641
   0.30439525  0.0493681   0.23109426  0.06512199]
 [ 0.1396983   0.01966306 -0.12325696  0.11170929  0.40066641  1.
   0.03654375  0.01157521  0.06783707  0.08116906]
 [ 0.51872666  0.10711546 -0.03830374  0.218105    0.30439525  0.03654375
   1.          0.07224237  0.60114149  0.38944159]
 [ 0.04746329  0.33003401  0.12806454  0.04540177  0.0493681   0.01157521
   0.07224237  1.          0.06620526  0.06947443]
 [ 0.52676368  0.09842147 -0.02701014  0.23437653  0.23109426  0.06783707
   0.60114149  0.06620526  1.          0.53367888]
 [ 0.54497172  0.1289666  -0.01582269  0.2447109   0.06512199  0.08116906
   0.38944159  0.06947443  0.53367888  1.        ]]28:[[ 1.          0.08051736  0.32597308  0.03477758  0.10747057  0.16046064
   0.08207956  0.3967215   0.08335984  0.15975246]
 [ 0.08051736  1.          0.07957509  0.01575633  0.59085553  0.17122832
   0.04801627  0.03855422  0.06439038  0.05269674]
 [ 0.32597308  0.07957509  1.          0.03061621  0.06721024  0.25170369
   0.10861032  0.23603643  0.11663328  0.25528938]
 [ 0.03477758  0.01575633  0.03061621  1.          0.03402444  0.02958409
   0.02413642  0.07667348  0.02526782  0.11475428]
 [ 0.10747057  0.59085553  0.06721024  0.03402444  1.          0.13027995
   0.18671557  0.06519967  0.20585166  0.0862486 ]
 [ 0.16046064  0.17122832  0.25170369  0.02958409  0.13027995  1.
  -0.02091089  0.0208548  -0.02370439  0.12975888]
 [ 0.08207956  0.04801627  0.10861032  0.02413642  0.18671557 -0.02091089
   1.          0.01194247  0.79601569  0.01359903]
 [ 0.3967215   0.03855422  0.23603643  0.07667348  0.06519967  0.0208548
   0.01194247  1.          0.00270127  0.22828079]
 [ 0.08335984  0.06439038  0.11663328  0.02526782  0.20585166 -0.02370439
   0.79601569  0.00270127  1.          0.00919618]
 [ 0.15975246  0.05269674  0.25528938  0.11475428  0.0862486   0.12975888
   0.01359903  0.22828079  0.00919618  1.        ]]29:[[ 1.00000000e+00  2.62873080e-02 -8.16027850e-02  6.43291919e-02
   9.92356576e-04  1.70245678e-02  6.65247136e-01  1.08247097e-01
   3.52433974e-02  6.22097494e-01]
 [ 2.62873080e-02  1.00000000e+00 -1.43243332e-02  2.05843932e-01
  -7.04954353e-03  2.22367384e-02  4.83598241e-02  6.16375615e-02
   1.51091429e-02  1.62468047e-02]
 [-8.16027850e-02 -1.43243332e-02  1.00000000e+00  2.53984240e-02
   2.39121870e-02  5.89318286e-02 -9.09963947e-02 -1.35121149e-01
  -1.21406968e-01 -7.33837180e-02]
 [ 6.43291919e-02  2.05843932e-01  2.53984240e-02  1.00000000e+00
  -7.41357236e-03  1.15281602e-01  9.49038606e-02  4.58635297e-02
   5.34115983e-02  6.10614059e-02]
 [ 9.92356576e-04 -7.04954353e-03  2.39121870e-02 -7.41357236e-03
   1.00000000e+00  2.42753082e-02  5.36947786e-03  1.75366876e-03
   7.29689355e-03  1.24673057e-03]
 [ 1.70245678e-02  2.22367384e-02  5.89318286e-02  1.15281602e-01
   2.42753082e-02  1.00000000e+00  3.46236761e-02  4.46181750e-02
   4.06102544e-02  1.10153210e-02]
 [ 6.65247136e-01  4.83598241e-02 -9.09963947e-02  9.49038606e-02
   5.36947786e-03  3.46236761e-02  1.00000000e+00  1.07291964e-01
   8.05905999e-02  5.21866868e-01]
 [ 1.08247097e-01  6.16375615e-02 -1.35121149e-01  4.58635297e-02
   1.75366876e-03  4.46181750e-02  1.07291964e-01  1.00000000e+00
   3.42031009e-01  8.31992220e-02]
 [ 3.52433974e-02  1.51091429e-02 -1.21406968e-01  5.34115983e-02
   7.29689355e-03  4.06102544e-02  8.05905999e-02  3.42031009e-01
   1.00000000e+00  2.77806709e-02]
 [ 6.22097494e-01  1.62468047e-02 -7.33837180e-02  6.10614059e-02
   1.24673057e-03  1.10153210e-02  5.21866868e-01  8.31992220e-02
   2.77806709e-02  1.00000000e+00]]30:[[ 1.          0.07627396  0.05677784  0.03542716  0.23832593  0.02292988
   0.00975021  0.11410698  0.19498708  0.09515496]
 [ 0.07627396  1.          0.72948057  0.04628122  0.07877255 -0.07815607
   0.0345633   0.08910468  0.24905561  0.10245256]
 [ 0.05677784  0.72948057  1.          0.06580064  0.07765856 -0.06304861
   0.0432234   0.15021906  0.22624216  0.10359811]
 [ 0.03542716  0.04628122  0.06580064  1.          0.0662793   0.02452439
   0.09604233  0.16926841  0.06504126  0.17354655]
 [ 0.23832593  0.07877255  0.07765856  0.0662793   1.          0.32255587
   0.01547039  0.05669182  0.08934736  0.38765091]
 [ 0.02292988 -0.07815607 -0.06304861  0.02452439  0.32255587  1.
   0.01755645 -0.03210316 -0.06444465  0.19048635]
 [ 0.00975021  0.0345633   0.0432234   0.09604233  0.01547039  0.01755645
   1.          0.0733907   0.01328645  0.00978868]
 [ 0.11410698  0.08910468  0.15021906  0.16926841  0.05669182 -0.03210316
   0.0733907   1.          0.49470266  0.24484024]
 [ 0.19498708  0.24905561  0.22624216  0.06504126  0.08934736 -0.06444465
   0.01328645  0.49470266  1.          0.24415333]
 [ 0.09515496  0.10245256  0.10359811  0.17354655  0.38765091  0.19048635
   0.00978868  0.24484024  0.24415333  1.        ]]31:[[ 1.          0.00753503  0.13546603  0.12944751  0.02416567  0.14067482
  -0.00476141  0.00854537  0.03189061  0.36211832]
 [ 0.00753503  1.          0.09915105  0.47681273  0.26120122 -0.13751896
